H 0 0 10 4 20
H 20 0 10 4 20
H 40 0 10 4 20
H 60 0 10 4 20
H 80 0 10 4 20
H 100 0 10 4 20
H 0 14 10 4 20
H 20 14 10 4 20
H 40 14 10 4 20
H 60 14 10 4 20
H 80 14 10 4 20
H 100 14 10 4 20
S 0 22 10 4 20
S 20 22 10 4 20
S 40 22 10 4 20
S 60 22 10 4 20
S 80 22 10 4 20
S 100 22 10 4 20
H 0 30 10 4 20
H 20 30 10 4 20
H 40 30 10 4 20
H 60 30 10 4 20
H 80 30 10 4 20
H 100 30 10 4 20
H 0 44 10 4 20
H 20 44 10 4 20
H 40 44 10 4 20
H 60 44 10 4 20
H 80 44 10 4 20
H 100 44 10 4 20
S 0 52 10 4 20
S 20 52 10 4 20
S 40 52 10 4 20
S 60 52 10 4 20
S 80 52 10 4 20
S 100 52 10 4 20
H 0 60 10 4 20
H 20 60 10 4 20
H 40 60 10 4 20
H 60 60 10 4 20
H 80 60 10 4 20
H 100 60 10 4 20
H 0 74 10 4 20
H 20 74 10 4 20
H 40 74 10 4 20
H 60 74 10 4 20
H 80 74 10 4 20
H 100 74 10 4 20
S 0 82 10 4 20
S 20 82 10 4 20
S 40 82 10 4 20
S 60 82 10 4 20
S 80 82 10 4 20
S 100 82 10 4 20